0 359 129 230
1 185 22 163
2 138 25 113
3 131 30 101
4 121 26 95
5 130 31 99
6 116 20 96
7 111 16 95
8 146 49 97
9 127 32 95
10 125 31 94
11 123 28 95
12 124 30 94
13 123 30 93
14 119 25 94
15 123 32 91
16 140 50 90
17 136 45 91
18 112 23 89
19 115 25 90
20 114 27 87
21 116 27 89
22 111 22 89
23 116 26 90
24 111 22 89
25 129 40 89
26 120 31 89
27 115 24 91
28 115 25 90
29 116 27 89
30 111 23 88
31 116 25 91
32 143 53 90
33 123 33 90
34 114 23 91
35 123 33 90
36 122 33 89
37 112 22 90
38 108 19 89
39 115 25 90
40 112 24 88
41 119 29 90
42 116 26 90
43 120 30 90
44 116 27 89
45 115 27 88
46 108 18 90
47 120 29 91
48 113 23 90
49 131 40 91
50 113 24 89
51 131 41 90
52 124 34 90
53 121 31 90
54 112 23 89
55 120 30 90
56 118 27 91
57 121 32 89
58 118 29 89
59 112 21 91
60 124 34 90
61 119 28 91
62 111 23 88
63 120 30 90
64 143 53 90
65 122 34 88
66 113 25 88
67 117 28 89
68 118 28 90
69 118 28 90
70 110 20 90
71 117 27 90
72 117 29 88
73 122 31 91
74 119 30 89
75 116 26 90
76 120 31 89
77 109 20 89
78 116 27 89
79 115 24 91
80 126 37 89
81 117 27 90
82 112 23 89
83 115 27 88
84 121 31 90
85 119 28 91
86 109 18 91
87 115 27 88
88 123 32 91
89 123 32 91
90 116 26 90
91 119 29 90
92 117 27 90
