0 320 98 222
1 186 27 159
2 137 24 113
3 116 20 96
4 126 31 95
5 116 20 96
6 124 28 96
7 116 20 96
8 127 32 95
9 129 34 95
10 121 27 94
11 115 21 94
12 124 32 92
13 120 29 91
14 124 32 92
15 112 21 91
16 126 34 92
17 128 38 90
18 124 35 89
19 122 30 92
20 120 30 90
21 118 25 93
22 120 29 91
23 113 21 92
24 129 37 92
25 126 35 91
26 124 33 91
27 117 24 93
28 125 34 91
29 117 25 92
30 121 30 91
31 112 22 90
32 128 35 93
33 126 33 93
34 130 40 90
35 126 35 91
36 136 43 93
37 122 31 91
38 132 40 92
39 119 26 93
40 126 35 91
41 123 32 91
42 128 37 91
43 126 35 91
44 125 34 91
45 122 32 90
46 127 37 90
47 125 34 91
48 129 37 92
49 128 37 91
50 131 39 92
51 126 34 92
52 125 32 93
53 130 38 92
54 134 42 92
55 123 31 92
56 131 38 93
57 123 30 93
58 123 32 91
59 134 44 90
60 120 26 94
61 123 30 93
62 127 36 91
63 122 30 92
64 123 33 90
65 127 35 92
66 129 36 93
67 119 26 93
68 118 27 91
69 123 30 93
70 140 50 90
71 119 27 92
72 137 45 92
73 127 36 91
74 122 30 92
75 114 22 92
76 134 41 93
77 126 34 92
78 124 31 93
79 128 37 91
80 138 47 91
81 123 33 90
82 124 33 91
83 126 34 92
84 132 41 91
85 126 34 92
86 127 35 92
87 131 39 92
88 129 38 91
89 130 38 92
90 131 38 93
91 125 34 91
92 131 38 93
