0 675 457 218
1 161 12 149
2 120 13 107
3 131 32 99
4 136 37 99
5 120 24 96
6 144 47 97
7 148 52 96
8 145 51 94
9 136 41 95
10 163 71 92
11 138 44 94
12 149 56 93
13 134 40 94
14 161 67 94
15 150 58 92
16 159 67 92
17 148 56 92
18 158 67 91
19 162 67 95
20 166 73 93
21 158 65 93
22 177 84 93
23 138 46 92
24 158 66 92
25 158 68 90
26 163 70 93
27 158 68 90
28 177 84 93
29 164 72 92
30 178 85 93
31 159 67 92
32 175 83 92
33 166 74 92
34 179 88 91
35 159 68 91
36 183 91 92
37 179 86 93
38 203 111 92
39 194 103 91
40 202 110 92
41 195 104 91
42 202 109 93
43 197 107 90
44 209 118 91
45 199 109 90
46 206 116 90
47 188 97 91
48 201 111 90
49 213 121 92
50 224 132 92
51 216 123 93
52 218 127 91
53 219 126 93
54 217 126 91
55 222 130 92
56 228 138 90
57 202 110 92
58 217 126 91
59 201 109 92
60 213 121 92
61 192 101 91
62 248 157 91
63 204 111 93
64 231 139 92
65 204 112 92
66 225 134 91
67 202 111 91
68 231 139 92
69 206 114 92
70 225 133 92
71 224 131 93
72 245 154 91
73 223 130 93
74 237 145 92
75 217 126 91
76 238 146 92
77 221 129 92
78 253 163 90
79 227 135 92
80 278 187 91
81 230 138 92
82 271 179 92
83 234 143 91
84 274 183 91
85 236 147 89
86 248 158 90
87 241 149 92
88 258 167 91
89 253 162 91
90 285 193 92
91 247 158 89
92 271 179 92
