0 253 17 236
1 187 16 171
2 143 17 126
3 118 21 97
4 121 25 96
5 127 31 96
6 124 32 92
7 113 20 93
8 114 21 93
9 115 22 93
10 115 23 92
11 116 23 93
12 119 28 91
13 119 26 93
14 119 26 93
15 119 28 91
16 123 31 92
17 127 35 92
18 129 36 93
19 131 36 95
20 131 37 94
21 128 35 93
22 134 39 95
23 135 43 92
24 138 44 94
25 139 46 93
26 136 45 91
27 136 43 93
28 142 51 91
29 141 48 93
30 140 46 94
31 159 66 93
32 148 54 94
33 143 51 92
34 151 60 91
35 154 62 92
36 155 63 92
37 155 64 91
38 159 66 93
39 160 67 93
40 160 69 91
41 153 61 92
42 164 71 93
43 155 63 92
44 167 75 92
45 169 77 92
46 170 78 92
47 172 79 93
48 173 81 92
49 164 72 92
50 165 74 91
51 166 75 91
52 168 74 94
53 181 89 92
54 170 78 92
55 184 91 93
56 197 105 92
57 175 81 94
58 185 92 93
59 185 93 92
60 180 85 95
61 192 101 91
62 193 99 94
63 197 103 94
64 182 91 91
65 184 92 92
66 186 94 92
67 188 95 93
68 203 111 92
69 189 98 91
70 207 114 93
71 205 111 94
72 193 102 91
73 212 119 93
74 213 120 93
75 215 122 93
76 215 121 94
77 215 123 92
78 200 108 92
79 218 127 91
80 220 129 91
81 235 141 94
82 225 131 94
83 208 115 93
84 225 133 92
85 229 135 94
86 212 118 94
87 232 139 93
88 213 122 91
89 235 142 93
90 217 125 92
91 236 145 91
92 237 146 91
